2.14748e+09 2.14748e+09 2.14748e+09 2.14748e+09 
113124 2.14748e+09 2.14748e+09 2.14748e+09 
145932 2.14748e+09 2.14748e+09 2.14748e+09 
1.2382e+09 1.68034e+08 2.14748e+09 2.14748e+09 
2.14748e+09 1.77862e+09 2.14748e+09 2.14748e+09 
4.77271e+08 2.00198e+09 2.14748e+09 2.14748e+09 
223546 98605.8 2.14748e+09 2.14748e+09 
315479 3.72787e+07 2.14748e+09 2.14748e+09 
2.14748e+09 101869 2.14748e+09 2.14748e+09 
84670.1 2.27924e+06 2.14748e+09 2.14748e+09 
146968 949402 2.14748e+09 2.14748e+09 
2.97287e+07 1.11416e+09 2.14748e+09 2.14748e+09 
3.52411e+08 485603 2.14748e+09 2.14748e+09 
7.05325e+08 1.34966e+07 2.14748e+09 2.14748e+09 
2.40519e+08 1.77835e+09 2.14748e+09 2.14748e+09 
2.14748e+09 2.14748e+09 2.14748e+09 2.14748e+09 

2.14748e+09 2.14748e+09 2.14748e+09 2.14748e+09 
2.14748e+09 2.14748e+09 2.14748e+09 2.14748e+09 
65267.1 2.14748e+09 2.14748e+09 112762 
211375 2.64874e+08 2.14748e+09 5.60136e+08 
864446 2.14748e+09 2.14748e+09 1.68013e+09 
2.14748e+09 1.5928e+09 2.14748e+09 2.03824e+09 
99896.7 79366.3 2.14748e+09 129922 
169411 171456 2.14748e+09 319408 
96886.4 2.98964e+08 2.14748e+09 8.22281e+07 
2.43009e+08 248554 2.14748e+09 3.39897e+08 
2.14748e+09 2.69823e+07 2.14748e+09 159222 
190072 8.05852e+08 2.14748e+09 6.0226e+08 
151725 5.00288e+07 2.14748e+09 1.41223e+08 
145665 6.34196e+08 2.14748e+09 2.75869e+08 
3.86074e+08 186122 2.14748e+09 8.12326e+08 
2.14748e+09 2.14748e+09 2.14748e+09 2.14748e+09 

2.14748e+09 2.14748e+09 2.14748e+09 2.14748e+09 
1.10798e+08 1.76176e+09 2.14748e+09 2.14748e+09 
2.14748e+09 2.14748e+09 2.14748e+09 2.14748e+09 
190163 2.14748e+09 2.14748e+09 550892 
152518 405962 2.14748e+09 2.67152e+06 
3.87198e+08 1.79746e+09 2.14748e+09 1.97101e+09 
2.14748e+09 2.14748e+09 2.14748e+09 87532.9 
134942 140333 2.14748e+09 214056 
4.86492e+07 1.3798e+09 2.14748e+09 1.61831e+09 
7.54268e+06 274462 2.14748e+09 5.96922e+06 
2.89335e+08 198445 2.14748e+09 3.26042e+08 
701199 1.27386e+09 2.14748e+09 1.07289e+09 
2.14748e+09 3.07979e+08 2.14748e+09 163935 
141213 2.95454e+08 2.14748e+09 2.31763e+08 
89393 181311 2.14748e+09 248467 
2.14748e+09 2.14748e+09 2.14748e+09 2.14748e+09 

2.14748e+09 2.14748e+09 2.14748e+09 2.14748e+09 
1.07242e+09 2.14748e+09 2.14748e+09 1.97388e+09 
9.72893e+08 2.14748e+09 2.14748e+09 2.14748e+09 
2.14748e+09 2.14748e+09 2.14748e+09 2.14748e+09 
221760 2.14748e+09 2.14748e+09 2.14748e+09 
4.08113e+08 2.14748e+09 2.14748e+09 1.78087e+09 
118648 2.14748e+09 2.14748e+09 71635.4 
2.14748e+09 2.14748e+09 2.14748e+09 154530 
2.01519e+09 2.14748e+09 2.14748e+09 7.29389e+08 
1.02774e+06 2.14748e+09 2.14748e+09 261657 
146275 2.14748e+09 2.14748e+09 1.34831e+08 
7.29266e+08 2.14748e+09 2.14748e+09 1.48549e+09 
241263 2.14748e+09 2.14748e+09 2.54496e+06 
2.69929e+08 2.14748e+09 2.14748e+09 1.10137e+06 
2.14748e+09 2.14748e+09 2.14748e+09 84207.8 
2.14748e+09 2.14748e+09 2.14748e+09 2.14748e+09 

2.14748e+09 2.14748e+09 2.14748e+09 2.14748e+09 
2.14748e+09 126443 99509.7 2.14748e+09 
176279 2.08413e+07 1.2146e+07 2.14748e+09 
2.67936e+06 8.37183e+08 1.31454e+09 2.14748e+09 
2.14748e+09 2.14748e+09 2.14748e+09 2.14748e+09 
128431 2.14748e+09 8.81411e+08 2.14748e+09 
183474 3.48911e+07 7.55349e+07 2.14748e+09 
345224 7.49016e+07 8.17168e+07 2.14748e+09 
2.14748e+09 54090.4 180406 2.14748e+09 
82672.9 81939.7 100525 2.14748e+09 
126962 2.14748e+09 196075 2.14748e+09 
1.70911e+07 178293 1.82206e+08 2.14748e+09 
6.38126e+08 8.3638e+08 1.92246e+06 2.14748e+09 
145568 2.5748e+07 1.48081e+08 2.14748e+09 
1.24214e+07 1.17499e+09 1.05289e+09 2.14748e+09 
2.14748e+09 2.14748e+09 2.14748e+09 2.14748e+09 

2.14748e+09 2.14748e+09 2.14748e+09 2.14748e+09 
172298 193602 2.14748e+09 122674 
113339 74646.3 1.95421e+09 178835 
2.14748e+09 137810 3.54173e+07 5.63231e+07 
178189 2.67324e+08 8.90553e+08 2.14748e+09 
2.14748e+09 2.14748e+09 2.14748e+09 2.14748e+09 
165504 2.14748e+09 113515 182485 
262833 143359 215838 329570 
64120.4 169086 124609 2.14748e+09 
2.14748e+09 103803 7.37797e+06 1.02362e+07 
107636 117316 147012 128033 
116120 236230 287581 244607 
118902 2.14748e+09 1.06372e+07 1.14791e+08 
112258 176470 218255 207433 
4.52051e+08 125876 3.47017e+08 3.14062e+08 
2.14748e+09 2.14748e+09 2.14748e+09 2.14748e+09 

2.14748e+09 2.14748e+09 2.14748e+09 2.14748e+09 
195367 9.94465e+07 2.90447e+08 1.20868e+07 
124866 3.13426e+06 2.14748e+09 86023.5 
211621 142433 171695 197768 
243651 1.60039e+06 1.77836e+09 552738 
1.95421e+09 146981 8.97481e+08 2.14748e+09 
2.14748e+09 2.14748e+09 2.14748e+09 2.14748e+09 
160976 2.14748e+09 153692 176280 
160743 6.74269e+08 8.6742e+08 4.76291e+08 
111306 3.68608e+06 3.2906e+06 4.32815e+06 
2.14748e+09 175355 3.06964e+06 2.14748e+09 
104933 3.48255e+06 3.0925e+06 444205 
86632.2 214697 147098 105837 
121688 218859 195686 134528 
106762 2.14748e+09 181345 231164 
2.14748e+09 2.14748e+09 2.14748e+09 2.14748e+09 

2.14748e+09 2.14748e+09 2.14748e+09 2.14748e+09 
1.31212e+07 2.14748e+09 1.75707e+09 1.01003e+09 
1.72609e+06 2.14748e+09 1.38069e+09 3.2574e+08 
147504 2.14748e+09 2.14748e+09 170595 
173678 2.14748e+09 2.03212e+08 3.01887e+08 
154772 2.14748e+09 8.87918e+08 1.44905e+08 
157961 2.14748e+09 2.14748e+09 2.14748e+09 
2.14748e+09 2.14748e+09 2.14748e+09 2.14748e+09 
4.32036e+07 2.14748e+09 1.64644e+09 1.84926e+09 
6.35737e+08 2.14748e+09 4.91122e+08 130236 
148169 2.14748e+09 184637 146662 
2.14748e+09 2.14748e+09 1.57851e+09 719560 
6.80786e+06 2.14748e+09 245707 2.14748e+09 
155625 2.14748e+09 8.1996e+06 470840 
63491.7 2.14748e+09 82424.4 95840.4 
2.14748e+09 2.14748e+09 2.14748e+09 2.14748e+09 

2.14748e+09 2.14748e+09 2.14748e+09 2.14748e+09 
142138 120133 97943.7 2.14748e+09 
8.66258e+06 139130 1.07099e+07 2.14748e+09 
182643 2.14748e+09 9.67522e+07 2.14748e+09 
1.7469e+06 3.71018e+08 2.14748e+09 2.14748e+09 
147777 91884.8 121818 2.14748e+09 
9.34619e+07 173165 3.33017e+07 2.14748e+09 
300564 1.27731e+07 1.67816e+07 2.14748e+09 
2.14748e+09 2.14748e+09 2.14748e+09 2.14748e+09 
2.14748e+09 2.14748e+09 73820.7 2.14748e+09 
213954 146297 187116 2.14748e+09 
151433 103436 202022 2.14748e+09 
2.14748e+09 114130 3.84865e+07 2.14748e+09 
125220 121626 182600 2.14748e+09 
1.14637e+08 157385 4.53644e+08 2.14748e+09 
2.14748e+09 2.14748e+09 2.14748e+09 2.14748e+09 

2.14748e+09 2.14748e+09 2.14748e+09 2.14748e+09 
164539 210781 128201 1.95421e+09 
210624 106165 129330 200400 
146390 116032 132821 168762 
2.27276e+08 191725 2.09362e+08 1.73505e+08 
134190 2.14748e+09 2.14748e+09 102953 
185647 221886 206275 306134 
239457 248760 574429 469186 
77111.9 159531 129512 2.14748e+09 
2.14748e+09 2.14748e+09 2.14748e+09 2.14748e+09 
188701 2.14748e+09 2.14748e+09 187804 
2.14748e+09 100750 150689 136016 
126089 137500 161372 103688 
2.14748e+09 146679 138587 149011 
129033 188263 236999 337232 
2.14748e+09 2.14748e+09 2.14748e+09 2.14748e+09 

2.14748e+09 2.14748e+09 2.14748e+09 2.14748e+09 
251774 314854 212104 143441 
1.03293e+08 3.73585e+08 85096.1 1.48079e+08 
157188 138516 145170 2.14748e+09 
250610 276121 221109 216167 
112906 129091 166497 87965.2 
189122 170068 2.14748e+09 206224 
166693 2.14748e+09 142441 255544 
164905 7.95025e+07 1.6633e+08 1.61337e+07 
140211 5.17898e+06 1.55526e+06 2.14748e+09 
2.14748e+09 2.14748e+09 2.14748e+09 2.14748e+09 
139461 2.14748e+09 114662 120055 
99778.4 168776 2.14748e+09 119627 
2.14748e+09 149075 143081 128138 
2.14748e+09 6.89843e+06 6.10003e+06 134749 
2.14748e+09 2.14748e+09 2.14748e+09 2.14748e+09 

2.14748e+09 2.14748e+09 2.14748e+09 2.14748e+09 
5.49042e+08 2.14748e+09 5.77849e+08 216996 
587227 2.14748e+09 5.34638e+08 6.58674e+08 
168833 2.14748e+09 132179 203771 
1.62867e+08 2.14748e+09 1.60182e+08 179864 
141012 2.14748e+09 1.20772e+07 2.14748e+09 
207382 2.14748e+09 150971 149628 
120126 2.14748e+09 2.14748e+09 115618 
896252 2.14748e+09 1.97703e+08 7.12761e+07 
296073 2.14748e+09 5.10493e+08 3.35438e+08 
174203 2.14748e+09 168607 2.14748e+09 
2.14748e+09 2.14748e+09 2.14748e+09 2.14748e+09 
157030 2.14748e+09 2.39946e+06 656714 
122436 2.14748e+09 185272 118830 
73286.9 2.14748e+09 2.14748e+09 105262 
2.14748e+09 2.14748e+09 2.14748e+09 2.14748e+09 

2.14748e+09 2.14748e+09 2.14748e+09 2.14748e+09 
2.14748e+09 146462 2.14748e+09 2.14748e+09 
2.14748e+09 235601 2.15106e+08 2.14748e+09 
2.14748e+09 165411 570994 2.14748e+09 
2.14748e+09 2.40948e+07 1.71241e+06 2.14748e+09 
2.14748e+09 114739 1.52122e+06 2.14748e+09 
2.14748e+09 196616 2.83472e+08 2.14748e+09 
2.14748e+09 218835 311892 2.14748e+09 
2.14748e+09 85054.7 2.14748e+09 2.14748e+09 
2.14748e+09 101439 56703.1 2.14748e+09 
2.14748e+09 157160 163747 2.14748e+09 
2.14748e+09 2.14748e+09 111847 2.14748e+09 
2.14748e+09 2.14748e+09 2.14748e+09 2.14748e+09 
2.14748e+09 2.14748e+09 142148 2.14748e+09 
2.14748e+09 4.33076e+08 256475 2.14748e+09 
2.14748e+09 2.14748e+09 2.14748e+09 2.14748e+09 

2.14748e+09 2.14748e+09 2.14748e+09 2.14748e+09 
2.14748e+09 215839 134317 191299 
2.14748e+09 349623 152285 855454 
2.14748e+09 141782 2.14748e+09 217562 
2.14748e+09 305148 250983 8.64805e+06 
2.14748e+09 138174 101581 146486 
2.14748e+09 157104 200385 308479 
2.14748e+09 187023 268106 279394 
2.14748e+09 135377 87067.8 75933.9 
2.14748e+09 142903 2.14748e+09 2.14748e+09 
2.14748e+09 150049 153692 197827 
2.14748e+09 88983.5 79621.2 121300 
2.14748e+09 152930 122088 2.14748e+09 
2.14748e+09 2.14748e+09 2.14748e+09 2.14748e+09 
2.14748e+09 2.14748e+09 142452 872734 
2.14748e+09 2.14748e+09 2.14748e+09 2.14748e+09 

2.14748e+09 2.14748e+09 2.14748e+09 2.14748e+09 
2.14748e+09 446601 194191 179277 
2.14748e+09 2.81383e+08 2.18636e+08 201636 
2.14748e+09 134530 154102 189461 
2.14748e+09 342970 205059 287358 
2.14748e+09 179568 2.14748e+09 112542 
2.14748e+09 198924 150774 218393 
2.14748e+09 174279 153235 232382 
2.14748e+09 9.60888e+06 1.76205e+06 100140 
2.14748e+09 168964 127831 122004 
2.14748e+09 197232 2.14748e+09 169742 
2.14748e+09 111166 111132 2.14748e+09 
2.14748e+09 175423 139833 110060 
2.14748e+09 83455.4 97527.4 2.14748e+09 
2.14748e+09 2.14748e+09 2.14748e+09 2.14748e+09 
2.14748e+09 2.14748e+09 2.14748e+09 2.14748e+09 

2.14748e+09 2.14748e+09 2.14748e+09 2.14748e+09 
2.14748e+09 2.14748e+09 3.67956e+08 276428 
2.14748e+09 2.14748e+09 2.72872e+08 285485 
2.14748e+09 2.14748e+09 136058 175292 
2.14748e+09 2.14748e+09 1.07264e+08 265473 
2.14748e+09 2.14748e+09 153866 131004 
2.14748e+09 2.14748e+09 166894 170320 
2.14748e+09 2.14748e+09 2.14748e+09 143944 
2.14748e+09 2.14748e+09 859297 1.97347e+07 
2.14748e+09 2.14748e+09 2.70303e+07 137212 
2.14748e+09 2.14748e+09 141679 168758 
2.14748e+09 2.14748e+09 2.14748e+09 126748 
2.14748e+09 2.14748e+09 197183 130100 
2.14748e+09 2.14748e+09 118513 2.14748e+09 
2.14748e+09 2.14748e+09 80149.4 2.14748e+09 
2.14748e+09 2.14748e+09 2.14748e+09 2.14748e+09 

