2.14748e+09 2.14748e+09 2.14748e+09 2.14748e+09 
88924.6 2.14748e+09 2.14748e+09 2.14748e+09 
103643 345021 2.14748e+09 2.14748e+09 
72958.9 559273 2.14748e+09 2.14748e+09 
2.14748e+09 93440.2 2.14748e+09 2.14748e+09 
78095.3 75517 2.14748e+09 2.14748e+09 
89154.6 90422.7 2.14748e+09 2.14748e+09 
85366.9 100630 2.14748e+09 2.14748e+09 
89690.3 86853.3 2.14748e+09 2.14748e+09 
59552.6 75532.7 2.14748e+09 2.14748e+09 
2.04326e+08 106925 2.14748e+09 2.14748e+09 
93940.2 108720 2.14748e+09 2.14748e+09 
85342.9 96940 2.14748e+09 2.14748e+09 
77425.1 84238.6 2.14748e+09 2.14748e+09 
99958 111591 2.14748e+09 2.14748e+09 
85107.2 82152.2 2.14748e+09 2.14748e+09 

92611.2 5.2042e+07 2.14748e+09 2.14748e+09 
2.14748e+09 2.14748e+09 2.14748e+09 2.14748e+09 
89366.1 2.14748e+09 2.14748e+09 100699 
71334 68325 2.14748e+09 71366.2 
87175.3 90022.4 2.14748e+09 90497.5 
2.14748e+09 75867.7 2.14748e+09 68810.7 
88652.1 92828.8 2.14748e+09 93907.1 
104957 111252 2.14748e+09 99532.7 
83715.4 88260.4 2.14748e+09 87312.7 
73264 71234.7 2.14748e+09 58411.2 
102441 101051 2.14748e+09 122309 
99544.2 92480 2.14748e+09 98959.8 
96806.7 100405 2.14748e+09 99947.2 
77798.4 96672.2 2.14748e+09 86652.9 
83540.5 101317 2.14748e+09 106336 
90691.6 88188 2.14748e+09 85089.2 

85469.2 3.39511e+07 2.14748e+09 140443 
91018 98509.3 2.14748e+09 2.14748e+09 
2.14748e+09 2.14748e+09 2.14748e+09 2.14748e+09 
66325.5 2.14748e+09 2.14748e+09 66230.2 
87959 90679.7 2.14748e+09 92766.3 
100339 91217.7 2.14748e+09 68571.1 
2.14748e+09 97933.8 2.14748e+09 96036.2 
105313 88590.1 2.14748e+09 104694 
96176.3 95457.1 2.14748e+09 72986.6 
74982.7 72566.4 2.14748e+09 72734.4 
85745.4 1.10593e+06 2.14748e+09 105370 
81360 96607.5 2.14748e+09 99094.1 
90791.2 100133 2.14748e+09 104274 
95050.9 92540.4 2.14748e+09 85601.5 
87757.1 103598 2.14748e+09 105505 
86280.1 89644 2.14748e+09 84534.4 

81209.9 2.14748e+09 2.14748e+09 73139.9 
101006 2.14748e+09 2.14748e+09 103689 
106799 2.14748e+09 2.14748e+09 2.14748e+09 
2.14748e+09 2.14748e+09 2.14748e+09 2.14748e+09 
82807.4 2.14748e+09 2.14748e+09 86031.2 
104433 2.14748e+09 2.14748e+09 90542.6 
86796.4 2.14748e+09 2.14748e+09 90630.6 
2.14748e+09 2.14748e+09 2.14748e+09 96400.2 
106684 2.14748e+09 2.14748e+09 76936.8 
59522 2.14748e+09 2.14748e+09 67312.5 
68522.8 2.14748e+09 2.14748e+09 84114.3 
151634 2.14748e+09 2.14748e+09 87731.5 
95983.6 2.14748e+09 2.14748e+09 87759.2 
93679.3 2.14748e+09 2.14748e+09 83525.4 
85613.3 2.14748e+09 2.14748e+09 98586 
94263.3 2.14748e+09 2.14748e+09 88289.4 

94795.1 88458.9 2.14748e+09 2.14748e+09 
104252 96396.7 109100 2.14748e+09 
98935.9 105922 105378 2.14748e+09 
70123.6 100336 125491 2.14748e+09 
2.14748e+09 2.14748e+09 2.14748e+09 2.14748e+09 
95898 2.14748e+09 78945.4 2.14748e+09 
74714.2 85267.3 87586.7 2.14748e+09 
86441.2 106686 104281 2.14748e+09 
2.14748e+09 87125.6 90173.7 2.14748e+09 
54784.1 68648.6 71128.2 2.14748e+09 
100957 1.53796e+08 3.20095e+08 2.14748e+09 
102410 85103.7 104023 2.14748e+09 
94940.2 86505.6 90489.3 2.14748e+09 
77194.5 91867.3 93120.3 2.14748e+09 
106351 89651.5 108677 2.14748e+09 
97819.6 86967.6 87757.4 2.14748e+09 

88848.7 89661 91334.3 93393.5 
110811 98243.9 2.14748e+09 106182 
100761 99193.5 82968.6 101899 
72368.9 65471.5 69858.3 68465 
90986 92570.9 82506.1 2.14748e+09 
2.14748e+09 2.14748e+09 2.14748e+09 2.14748e+09 
85404.3 2.14748e+09 93664.5 90274.9 
97605.8 104392 97583.7 105413 
97107.7 102228 84450 89128.3 
2.14748e+09 73477.6 76692.2 62463 
101465 94778.6 104035 115498 
95697.1 90571.1 95862.6 94961 
98872.1 92726.7 97439.7 91459.1 
76849.2 89130 83614.6 93312.3 
78340.7 92821.7 95419.1 98408.2 
88142.9 94821 84590.8 88426.7 

92073.1 88099.6 86477.9 87098.4 
96341 113270 107477 107055 
95012.8 98666.8 2.14748e+09 97298.3 
65565.2 60883.7 66199.9 68939.1 
94655.7 90534.3 89219.3 91242 
84997.1 87289.8 86748.3 2.14748e+09 
2.14748e+09 2.14748e+09 2.14748e+09 2.14748e+09 
108238 2.14748e+09 110624 99335.3 
83546.2 110349 107088 100347 
73943.8 74319.3 76194.6 66680.8 
2.14748e+09 81750.7 93118 104999 
85824.8 88356.6 87278.4 95746.4 
89169.1 96835 99702.4 101445 
89531.2 90717.4 95618.6 85676.2 
97259.2 100688 90846.5 69196.7 
89366.1 89952.7 87637.1 82743.1 

93150.3 2.14748e+09 78507.4 90422.4 
107103 2.14748e+09 109543 106619 
105070 2.14748e+09 111767 95789.8 
68589.2 2.14748e+09 2.14748e+09 63559.7 
90692.9 2.14748e+09 74499.6 82787.9 
76645.2 2.14748e+09 105538 100018 
87846.6 2.14748e+09 93979.8 2.14748e+09 
2.14748e+09 2.14748e+09 2.14748e+09 2.14748e+09 
106712 2.14748e+09 104346 110730 
76441 2.14748e+09 74341.4 68724.7 
77580.5 2.14748e+09 70169.8 87347.9 
2.14748e+09 2.14748e+09 85471 71153.6 
81455.6 2.14748e+09 95063.7 95361.3 
87482.8 2.14748e+09 80088.9 88819.1 
100068 2.14748e+09 104672 76132.3 
80555.3 2.14748e+09 90981.6 93491.1 

87302.3 73146.2 87142.6 2.14748e+09 
96362.8 99207.1 108694 2.14748e+09 
103314 97695.8 101011 2.14748e+09 
79730.3 69992.3 77543.2 2.14748e+09 
98817.7 80967.5 2.14748e+09 2.14748e+09 
94583.5 90766.8 89075.6 2.14748e+09 
80241.1 73485.8 81428.2 2.14748e+09 
102180 99352.9 91241.3 2.14748e+09 
2.14748e+09 2.14748e+09 2.14748e+09 2.14748e+09 
59436.6 2.14748e+09 63703.3 2.14748e+09 
103708 126163 638012 2.14748e+09 
85952.1 85196 84575.5 2.14748e+09 
2.14748e+09 92449.3 91463 2.14748e+09 
84257 84713.7 82757.5 2.14748e+09 
93184.4 91803.4 99154.2 2.14748e+09 
96897.4 96411.8 95388.7 2.14748e+09 

88109.5 86589.4 88332.5 91599.2 
104242 105960 107595 108197 
105818 91943.4 95843.7 99522 
73915.4 66978.1 70521.2 76097.4 
93399.4 89970.5 78358.6 90116.8 
94171.4 91940.6 2.14748e+09 94126.7 
78338 87176.5 84656.8 76084.6 
96442.2 103557 94145.5 103130 
100347 68765.4 88591.8 2.14748e+09 
2.14748e+09 2.14748e+09 2.14748e+09 2.14748e+09 
100788 2.14748e+09 102710 102445 
92544.4 90164.5 100381 84823.6 
96590 95547.6 90194.3 91145.1 
2.14748e+09 87495 85725.5 86328.1 
82957.1 96734.3 94629.5 94335.5 
95674 92768.9 87751 96397.5 

91190.5 86754.5 87121.6 82230.1 
109889 113264 106441 107817 
99247.8 103201 100498 95422.2 
64825.5 65962.1 59323.6 65229.2 
89751.6 97564.7 95576.9 73468.4 
89256.5 91228.4 89841 91619.1 
84851.6 81787 2.14748e+09 82655.9 
103152 92572.5 101455 97023.7 
94619.4 110795 89452.5 98571.9 
74159.4 67336.5 75223 2.14748e+09 
2.14748e+09 2.14748e+09 2.14748e+09 2.14748e+09 
89129.3 2.14748e+09 87569.9 90544.6 
108377 99877.2 98664.8 90713.8 
97626.6 91752.6 93421.1 81371 
2.14748e+09 99243.5 101187 83396 
87602.4 91785.4 84229.6 92131.9 

91046.5 2.14748e+09 82969.5 79031 
109859 2.14748e+09 107339 111936 
106653 2.14748e+09 100153 87615.2 
65518.5 2.14748e+09 64334.6 66319.4 
93738.3 2.14748e+09 95581.5 83235 
91624.3 2.14748e+09 92981.7 97448.5 
91044.3 2.14748e+09 93079.2 84203.1 
110853 2.14748e+09 2.14748e+09 85150.3 
108875 2.14748e+09 112971 103147 
63560.1 2.14748e+09 76681.5 77946.1 
77103.3 2.14748e+09 73358.5 2.14748e+09 
2.14748e+09 2.14748e+09 2.14748e+09 2.14748e+09 
97455 2.14748e+09 99600.9 107918 
94864.7 2.14748e+09 78974 95184.7 
72892.2 2.14748e+09 100305 96937 
2.14748e+09 2.14748e+09 94886.8 85285.2 

2.14748e+09 86887.3 66917 2.14748e+09 
2.14748e+09 101776 103937 2.14748e+09 
2.14748e+09 104424 100957 2.14748e+09 
2.14748e+09 80020.7 75811.7 2.14748e+09 
2.14748e+09 102110 100689 2.14748e+09 
2.14748e+09 100191 80264.1 2.14748e+09 
2.14748e+09 73388.1 80901.3 2.14748e+09 
2.14748e+09 107104 95772.6 2.14748e+09 
2.14748e+09 97060.5 2.14748e+09 2.14748e+09 
2.14748e+09 66734.1 65007.2 2.14748e+09 
2.14748e+09 98153.3 107755 2.14748e+09 
2.14748e+09 87270 88832.4 2.14748e+09 
2.14748e+09 2.14748e+09 2.14748e+09 2.14748e+09 
2.14748e+09 2.14748e+09 81647 2.14748e+09 
2.14748e+09 88673.5 91188.3 2.14748e+09 
2.14748e+09 103658 93770.4 2.14748e+09 

2.14748e+09 90307.3 82751.7 89921.6 
2.14748e+09 96125.9 108685 108484 
2.14748e+09 100347 95961.6 103676 
2.14748e+09 62859.1 69222.2 76811.6 
2.14748e+09 95996 86900.2 99559.6 
2.14748e+09 83060.2 87558.6 85480.6 
2.14748e+09 88705.7 67792 87064.2 
2.14748e+09 99270.9 93964.1 95165.2 
2.14748e+09 90601.7 111406 106637 
2.14748e+09 64741.6 2.14748e+09 66905.4 
2.14748e+09 84962.6 101462 103510 
2.14748e+09 91595.1 87165.3 92838.8 
2.14748e+09 102184 103549 2.14748e+09 
2.14748e+09 2.14748e+09 2.14748e+09 2.14748e+09 
2.14748e+09 2.14748e+09 89099.2 87357.3 
2.14748e+09 84219.7 81632.6 91171.6 

2.14748e+09 96189.1 96936.2 87903.4 
2.14748e+09 106184 102354 105924 
2.14748e+09 97789.9 100516 107500 
2.14748e+09 62874.3 56750.6 65119.7 
2.14748e+09 88393.6 68179.7 88284.6 
2.14748e+09 98533.7 90776.6 93255.9 
2.14748e+09 88823.5 84180.6 86299.4 
2.14748e+09 89148.8 106442 99745.4 
2.14748e+09 101853 74044.9 97633.4 
2.14748e+09 70297.4 73058.8 64190.5 
2.14748e+09 77018.5 2.14748e+09 91757.7 
2.14748e+09 91637.7 91236.6 97585.1 
2.14748e+09 102716 97554.8 102488 
2.14748e+09 92562.7 95349.7 2.14748e+09 
2.14748e+09 2.14748e+09 2.14748e+09 2.14748e+09 
2.14748e+09 2.14748e+09 94932.4 79319.1 

2.14748e+09 2.14748e+09 93348.4 94503.7 
2.14748e+09 2.14748e+09 116738 89885.3 
2.14748e+09 2.14748e+09 92499.4 93146.8 
2.14748e+09 2.14748e+09 61574.6 55210.5 
2.14748e+09 2.14748e+09 85168.1 69862.1 
2.14748e+09 2.14748e+09 90560.6 93951.3 
2.14748e+09 2.14748e+09 86777.3 87440.2 
2.14748e+09 2.14748e+09 94822.8 102510 
2.14748e+09 2.14748e+09 107710 102637 
2.14748e+09 2.14748e+09 69163.3 60284.1 
2.14748e+09 2.14748e+09 60162.6 66063.5 
2.14748e+09 2.14748e+09 2.14748e+09 90414.3 
2.14748e+09 2.14748e+09 100006 93483.1 
2.14748e+09 2.14748e+09 70449.2 89547.6 
2.14748e+09 2.14748e+09 91862.9 2.14748e+09 
2.14748e+09 2.14748e+09 2.14748e+09 2.14748e+09 

